acc = 0.620253164556962
eval_loss = 0.9562996320426465
global_step = 477
loss = 0.06329512208762658
